Model: Excavator
 Gravity=[0 -9.81 0]

Hydraulics integration method RK4

Recursive solver

Using fourth order Runge-Kutta

Using Sparse solver

===============================================================================
Bodies:
-------------------------------------------------------------------------------
Rigid Body 1: Undercarriage

 LOC=[-57 2 -122]; 	e=[0.998750260394966 	3.060341483569e-18 	0.0499791692706783 	0];

 A=[	0.995004165278026 		3.05906650066748e-19 		0.0998334166468282 ;
		3.05906650066748e-19 		1 		-6.11303370722411e-18 ;
		-0.0998334166468282 		6.11303370722411e-18 		0.995004165278026];

 A RelTo=[	0.995004165278026 		3.05906650066748e-19 		0.0998334166468282 ;
		3.05906650066748e-19 		1 		-6.11303370722411e-18 ;
		-0.0998334166468282 		6.11303370722411e-18 		0.995004165278026];
 Dummy-body 1: Looking_Camera. LOC=[-2 1 5.8564264548977e-15];
 Dummy-body 2: Dummy_DitchEndpoint. LOC=[13.5 -4.12973977590112e-18 -3.99680288865056e-15];
 M=11721.12; 	M0=11721.12; 	Mxml=8661.12;
 cm=[-0.00153568942217112 	-0.606603464515336 	5.30431301607771e-18]; 
 cm0=[-0.00153568942217112 	-0.606603464515336 	5.30431301607771e-18]; 
 cm_xml=[0 	-0.6 	0];
 Icm=[	9382.9 		0 		0;
		0 		26532.2 		0;
		0 		0 		19228];

 Ixml=[	9382.9 		0 		0;
		0 		26532.2 		0;
		0 		0 		19228];

 ILOC=[	17568.7852 		-10.8719999999989 		1.53446699791004e-11;
		-10.8719999999989 		39621.1400000001 		1.59872115546023e-14;
		1.53446699791004e-11 		1.59872115546023e-14 		33625.6251999999];

 Itt=[	17568.7852 		-10.8719999999989 		1.53446699791004e-11;
		-10.8719999999989 		39621.1400000001 		1.59872115546023e-14;
		1.53446699791004e-11 		1.59872115546023e-14 		33625.6251999999];
-------------------------------------------------------------------------------
Rigid Body 2: Uppercarriage

 LOC=[-57 2 -122]; 	e=[0.998750260394966 	3.060341483569e-18 	0.0499791692706783 	0];

 A=[	0.995004165278026 		3.05906650066748e-19 		0.0998334166468282 ;
		3.05906650066748e-19 		1 		-6.11303370722411e-18 ;
		-0.0998334166468282 		6.11303370722411e-18 		0.995004165278026];

 A RelTo=[	1 		0 		0 ;
		0 		1 		0 ;
		0 		0 		1];
 Dummy-body 1: HEAD. LOC=[0.599999999999998 1.5 -0.749999999999996];
 Dummy-body 2: Seat. LOC=[0.650000000000001 0.75 -0.999999999999995];
 Dummy-body 3: CounterWeight_Dummy. LOC=[-1.84 5.62868236122804e-19 -1.97064586870965e-15];
 Dummy-body 4: LiftCylinder_L_Dummy. LOC=[0.899999999999997 0.24 -0.168499999999995];
 Dummy-body 5: LiftCylinder_R_Dummy. LOC=[0.9 0.24 0.349999999999996];
 M=9138.74; 	M0=4838.5; 	Mxml=4838.5;
 cm=[-1.75448602323734 	0.267711960292119 	-0.00171631975524069]; 
 cm0=[-1.7 	0.5 	0]; 
 cm_xml=[-1.7 	0.5 	0];
 Icm=[	6163 		0 		0;
		0 		13951 		0;
		0 		0 		10790];

 Ixml=[	6163 		0 		0;
		0 		13951 		0;
		0 		0 		10790];

 ILOC=[	7372.625 		4112.725 		0;
		4112.725 		27934.265 		0;
		0 		0 		25982.89];

 Itt=[	10675.0191225 		4094.53 		9.36649999998448;
		4094.53 		46396.8674665 		18.3143999999999;
		9.36649999998448 		18.3143999999999 		41319.258744];
-------------------------------------------------------------------------------
Rigid Body 3: MainBoom

 LOC=[-56.5819684471559 2.906 -121.950486155202]; 	e=[0.919909907600028 	0.019462805247351 	0.0460338633278894 	0.388931670783341];

 A=[	0.693226077777576 		-0.713772298432587 		0.0998334166468282 ;
		0.717356090899523 		0.696706709347165 		-6.11303370722411e-18 ;
		-0.0695546111948962 		0.071616109506912 		0.995004165278026];

 A RelTo=[	0.696706709347165 		-0.717356090899523 		0 ;
		0.717356090899523 		0.696706709347165 		0 ;
		0 		0 		1];
 Dummy-body 1: LiftPiston_L_Dummy. LOC=[1.405 0.666999999999998 -0.264999999999997];
 Dummy-body 2: LiftPiston_R_Dummy. LOC=[1.405 0.667000000000002 0.25];
 Dummy-body 3: DipperArmCylinder_Dummy. LOC=[1.98645 1.11775 -5.62050406216485e-15];
 M=2123.5; 	M0=2093.5; 	Mxml=2093.5;
 cm=[1.99433223451848 	0.603069225335531 	-7.06380974805894e-05]; 
 cm0=[2 	0.6 	0]; 
 cm_xml=[2 	0.6 	0];
 Icm=[	174.455 		0 		0;
		0 		4251.545 		0;
		0 		0 		4300.395];

 Ixml=[	174.455 		0 		0;
		0 		4251.545 		0;
		0 		0 		4300.395];

 ILOC=[	928.115 		-2512.2 		0;
		-2512.2 		12625.545 		0;
		0 		0 		13428.055];

 Itt=[	953.833680625 		-2553.146244875 		0.210750000000088;
		-2553.146244875 		12708.812586025 		0.100050000000035;
		0.210750000000088 		0.100050000000035 		13531.38676665];
-------------------------------------------------------------------------------
Rigid Body 4: DipperArm

 LOC=[-53.7035204657039 5.88464182843754 -122.239294289536]; 	e=[0.95469233188131 	-0.0146806231659308 	0.0477744352603676 	-0.293367745476629];

 A=[	0.823305938499025 		0.558749157093646 		0.0998334166468282 ;
		-0.561554591017737 		0.827439690434839 		-6.93889390390723e-18 ;
		-0.0826061313653038 		-0.0560619134550129 		0.995004165278026];

 A RelTo=[	0.17364817766693 		0.984807753012208 		-0 ;
		-0.984807753012208 		0.17364817766693 		0 ;
		0 		0 		1];
 Dummy-body 1: DipperArmPiston_Dummy. LOC=[-0.602649999999997 0.170000000000001 -2.69922972861991e-15];
 Dummy-body 2: BucketCylinder_Dummy. LOC=[-0.000363000000001276 0.523 4.11823353196894e-15];
 M=814.96; 	M0=794.96; 	Mxml=794.96;
 cm=[0.772967838912339 	0.00850348483361148 	1.74119441855923e-17]; 
 cm0=[0.8 	0 	0]; 
 cm_xml=[0.8 	0 	0];
 Icm=[	38.5852 		0 		0;
		0 		822.1186 		0;
		0 		0 		839.5074];

 Ixml=[	38.5852 		0 		0;
		0 		822.1186 		0;
		0 		0 		839.5074];

 ILOC=[	38.5852 		0 		0;
		0 		1330.893 		0;
		0 		0 		1348.2818];

 Itt=[	43.60949 		1.02640349000001 		-1.62499621502786e-14;
		1.02640349000001 		1336.52487154269 		-1.69106318273156e-14;
		-1.62499621502786e-14 		-1.69106318273156e-14 		1356.93796154269];
-------------------------------------------------------------------------------
Rigid Body 5: BucketLink_1

 LOC=[-52.0113304061456 4.7667014264295 -122.409079624268]; 	e=[0.919909907600028 	0.019462805247351 	0.0460338633278894 	0.388931670783341];

 A=[	0.693226077777577 		-0.713772298432588 		0.0998334166468282 ;
		0.717356090899523 		0.696706709347166 		-6.11303370722411e-18 ;
		-0.0695546111948962 		0.071616109506912 		0.995004165278026];

 A RelTo=[	0.17364817766693 		-0.984807753012208 		0 ;
		0.984807753012208 		0.17364817766693 		0 ;
		0 		0 		1];
 Dummy-body 1: BucketLink2_Dummy. LOC=[0.510000000000001 5.5944832100252e-17 -3.22658566531686e-15];
 Dummy-body 2: BucketPiston_Dummy. LOC=[0.510000000000001 5.5944832100252e-17 -3.22658566531686e-15];
 M=40; 	M0=20; 	Mxml=20;
 cm=[0.405 	2.7972416050126e-17 	-1.61329283265843e-15]; 
 cm0=[0.3 	0 	0]; 
 cm_xml=[0.3 	0 	0];
 Icm=[	1 		0 		0;
		0 		2 		0;
		0 		0 		2];

 Ixml=[	1 		0 		0;
		0 		2 		0;
		0 		0 		2];

 ILOC=[	1 		0 		0;
		0 		3.8 		0;
		0 		0 		3.8];

 Itt=[	3 		-7.92681892347603e-16 		3.29149078797184e-14;
		-7.92681892347603e-16 		11.002 		3.32474593611604e-17;
		3.29149078797184e-14 		3.32474593611604e-17 		11.002];
-------------------------------------------------------------------------------
Rigid Body 6: BucketTiltFrame

 LOC=[-51.8035361861328 4.58871422101636 -122.429928589194]; 	e=[0.973471684945733 	0.0111734250251014 	0.0487141861698988 	0.223282245706927];

 A=[	0.895543933635753 		-0.433629279279922 		0.0998334166468282 ;
		0.435806496507234 		0.900040386650561 		-6.11303370722411e-18 ;
		-0.0898541069194577 		0.0435080515432012 		0.995004165278026];

 A RelTo=[	0.5 		-0.866025403784439 		0 ;
		0.866025403784439 		0.5 		0 ;
		0 		0 		1];
 Dummy-body 1: BucketTiltCylinder_L_Dummy. LOC=[0.200000000000002 -0.0800000000000006 0.279999999999998];
 Dummy-body 2: BucketTilCylinder_R_Dummy. LOC=[0.200000000000002 -0.0800000000000008 -0.279999999999997];
 M=260; 	M0=240; 	Mxml=240;
 cm=[0.2 	-0.0984615384615385 	4.61169564075065e-17]; 
 cm0=[0.2 	-0.1 	0]; 
 cm_xml=[0.2 	-0.1 	0];
 Icm=[	5.86 		0 		0;
		0 		9.68 		0;
		0 		0 		11.3];

 Ixml=[	5.86 		0 		0;
		0 		9.68 		0;
		0 		0 		11.3];

 ILOC=[	8.26 		4.8 		0;
		4.8 		19.28 		0;
		0 		0 		23.3];

 Itt=[	11.956 		5.12000000000001 		-1.33226762955019e-15;
		5.12000000000001 		23.648 		4.9960036108132e-16;
		-1.33226762955019e-15 		4.9960036108132e-16 		26.228];
-------------------------------------------------------------------------------
Rigid Body 7: BucketRotator

 LOC=[-51.3724501964532 4.54295333579441 -122.473181460609]; 	e=[0.973471684945733 	0.0111734250251014 	0.0487141861698988 	0.223282245706927];

 A=[	0.895543933635753 		-0.433629279279922 		0.0998334166468282 ;
		0.435806496507234 		0.900040386650561 		-6.11303370722411e-18 ;
		-0.0898541069194577 		0.0435080515432012 		0.995004165278026];

 A RelTo=[	1 		0 		0 ;
		0 		1 		0 ;
		0 		0 		1];
 Dummy-body 1: BucketTiltPiston_L_Dummy. LOC=[-0.159999999999999 -0.16 0.249999999999995];
 Dummy-body 2: BucketTiltPiston_R_Dummy. LOC=[-0.160000000000001 -0.159999999999999 -0.249999999999995];
 M=140; 	M0=120; 	Mxml=120;
 cm=[-0.0228571428571429 	-0.108571428571429 	-9.51619735392991e-18]; 
 cm0=[0 	-0.1 	0]; 
 cm_xml=[0 	-0.1 	0];
 Icm=[	2.074 		0 		0;
		0 		3.946 		0;
		0 		0 		5.57];

 Ixml=[	2.074 		0 		0;
		0 		3.946 		0;
		0 		0 		5.57];

 ILOC=[	3.274 		0 		0;
		0 		3.946 		0;
		0 		0 		6.77];

 Itt=[	7.03599999999995 		-0.512 		-5.88418203051333e-15;
		-0.512 		7.70799999999995 		2.55351295663786e-15;
		-5.88418203051333e-15 		2.55351295663786e-15 		9.794];
-------------------------------------------------------------------------------
Rigid Body 8: BucketAttachment

 LOC=[-51.3215460979426 4.34551299860401 -122.478288906641]; 	e=[0.973471684945733 	0.0111734250251014 	0.0487141861698988 	0.223282245706927];

 A=[	0.895543933635752 		-0.433629279279922 		0.0998334166468282 ;
		0.435806496507234 		0.90004038665056 		-6.93889390390723e-18 ;
		-0.0898541069194577 		0.0435080515432012 		0.995004165278026];

 A RelTo=[	1 		0 		0 ;
		0 		1 		0 ;
		0 		0 		1];
 M=160; 	M0=160; 	Mxml=160;
 cm=[0 	-0.15 	0]; 
 cm0=[0 	-0.15 	0]; 
 cm_xml=[0 	-0.15 	0];
 Icm=[	14 		0 		0;
		0 		15 		0;
		0 		0 		12];

 Ixml=[	14 		0 		0;
		0 		15 		0;
		0 		0 		12];

 ILOC=[	17.6 		0 		0;
		0 		15 		0;
		0 		0 		15.6];

 Itt=[	17.6 		0 		0;
		0 		15 		0;
		0 		0 		15.6];
-------------------------------------------------------------------------------
Rigid Body 9: Bucket

 LOC=[-51.5427929110633 4.09340773442219 -122.456090180196]; 	e=[0.973471684945733 	0.0111734250251014 	0.0487141861698988 	0.223282245706927];

 A=[	0.895543933635752 		-0.433629279279922 		0.0998334166468282 ;
		0.435806496507234 		0.90004038665056 		-6.93889390390723e-18 ;
		-0.0898541069194577 		0.0435080515432012 		0.995004165278026];

 A RelTo=[	1 		0 		0 ;
		0 		1 		0 ;
		0 		0 		1];
 M=750; 	M0=750; 	Mxml=750;
 cm=[0.2 	-0.7 	0]; 
 cm0=[0.2 	-0.7 	0]; 
 cm_xml=[0.2 	-0.7 	0];
 Icm=[	185 		0 		0;
		0 		228.125 		0;
		0 		0 		168.125];

 Ixml=[	185 		0 		0;
		0 		228.125 		0;
		0 		0 		168.125];

 ILOC=[	552.5 		105 		0;
		105 		258.125 		0;
		0 		0 		565.625];

 Itt=[	552.5 		105 		0;
		105 		258.125 		0;
		0 		0 		565.625];


Total mass of bodies without dummy-bodies = 20738.080000
Total mass of bodies including attached dummy-bodies = 25148.320000


===============================================================================
Dummy-bodies:
-------------------------------------------------------------------------------
Body 10: HEAD

 LOC=[-56.4778725633183 3.5 -122.806153173947]; 	e=[0.983576999759924 	-0.00867879166516033 	0.0492198733868735 	-0.173431162661958];
 u=[0.6 	1.5 	-0.75];
 A=[	0.934998071763003 		0.340311467218028 		0.0998334166468282 ;
		-0.342020143325669 		0.939692620785908 		-6.93889390390723e-18 ;
		-0.0938127249308695 		-0.0341450394702394 		0.995004165278026];
 A RelTo=[	0.939692620785908 		0.342020143325669 		-0 ;
		-0.342020143325669 		0.939692620785908 		0 ;
		0 		0 		1];
 M=10; 	M0=10; 	Mxml=10;
 cm=[0 	0 	0]; 
 cm0=[0 	0 	0]; 
 cm_xml=[0 	0 	0];
 Icm=[	1 		0 		0;
		0 		1 		0;
		0 		0 		1];

 Itt=[	1 		0 		0;
		0 		1 		0;
		0 		0 		1];
-------------------------------------------------------------------------------
Body 11: Looking_Camera

 LOC=[-58.9900083305561 3 -121.800333166706]; 	e=[0.998750260394966 	3.060341483569e-18 	0.0499791692706783 	0];
 u=[-2 	1 	0];
 A=[	0.995004165278026 		3.05906650066748e-19 		0.0998334166468282 ;
		3.05906650066748e-19 		1 		-6.11303370722411e-18 ;
		-0.0998334166468282 		6.11303370722411e-18 		0.995004165278026];
 A RelTo=[	1 		0 		0 ;
		0 		1 		0 ;
		0 		0 		1];
 M=0; 	M0=0; 	Mxml=0;
 cm=[0 	0 	0]; 
 cm0=[0 	0 	0]; 
 cm_xml=[0 	0 	0];
 Icm=[	0 		0 		0;
		0 		0 		0;
		0 		0 		0];

 Itt=[	0 		0 		0;
		0 		0 		0;
		0 		0 		0];
-------------------------------------------------------------------------------
Body 12: Seat

 LOC=[-56.4530807092161 2.75 -123.059895886098]; 	e=[0.998750260394966 	3.060341483569e-18 	0.0499791692706783 	0];
 u=[0.65 	0.75 	-1];
 A=[	0.995004165278026 		3.05906650066748e-19 		0.0998334166468282 ;
		3.05906650066748e-19 		1 		-6.11303370722411e-18 ;
		-0.0998334166468282 		6.11303370722411e-18 		0.995004165278026];
 A RelTo=[	1 		0 		0 ;
		0 		1 		0 ;
		0 		0 		1];
 M=10; 	M0=10; 	Mxml=10;
 cm=[0 	0 	0]; 
 cm0=[0 	0 	0]; 
 cm_xml=[0 	0 	0];
 Icm=[	1 		0 		0;
		0 		1 		0;
		0 		0 		1];

 Itt=[	1 		0 		0;
		0 		1 		0;
		0 		0 		1];
-------------------------------------------------------------------------------
Body 13: CounterWeight_Dummy

 LOC=[-58.8308076641116 2 -121.81630651337]; 	e=[0.998750260394966 	3.060341483569e-18 	0.0499791692706783 	0];
 u=[-1.84 	0 	0];
 A=[	0.995004165278026 		3.05906650066748e-19 		0.0998334166468282 ;
		3.05906650066748e-19 		1 		-6.11303370722411e-18 ;
		-0.0998334166468282 		6.11303370722411e-18 		0.995004165278026];
 A RelTo=[	1 		0 		0 ;
		0 		1 		0 ;
		0 		0 		1];
 M=4260.24; 	M0=4260.24; 	Mxml=4260.24;
 cm=[0 	0 	0]; 
 cm0=[0 	0 	0]; 
 cm_xml=[0 	0 	0];
 Icm=[	3251.9832 		0 		0;
		0 		3993.975 		0;
		0 		0 		855.5982];

 Itt=[	3251.9832 		0 		0;
		0 		3993.975 		0;
		0 		0 		855.5982];
-------------------------------------------------------------------------------
Body 14: BucketLink2_Dummy

 LOC=[-51.657785106479 5.13255303278825 -122.444552475977]; 	e=[0.0279627648017595 	0.827802357813385 	-0.558789172262325 	-0.0414246441822831];
 u=[0 	0 	0];
 A=[	0.372077319633514 		-0.922817293474152 		-0.0998334166468314 ;
		-0.927450683803215 		-0.373945489494055 		3.21270787750905e-15 ;
		-0.0373322558558663 		0.0925905705355139 		-0.995004165278026];
 A RelTo=[	-0.404782065574546 		-0.914413188547281 		0 ;
		-0.914413188547281 		0.404782065574546 		4.57966997657877e-15 ;
		-4.19803081186387e-15 		1.84574577843932e-15 		-1];
 M=10; 	M0=10; 	Mxml=10;
 cm=[0 	0 	0]; 
 cm0=[0 	0 	0]; 
 cm_xml=[0 	0 	0];
 Icm=[	1 		0 		0;
		0 		1 		0;
		0 		0 		1];

 Itt=[	1 		0 		0;
		0 		1 		0;
		0 		0 		1];
-------------------------------------------------------------------------------
Body 15: LiftCylinder_L_Dummy

 LOC=[-56.1213181819548 2.24 -122.257508276831]; 	e=[0.708056351130171 	0.0343357494845408 	0.0363403209228775 	0.704383873329582];
 u=[0 	0 	0];
 A=[	0.00504548013687478 		-0.99499140597857 		0.0998330864942942 ;
		0.999982494600153 		0.00532883060110001 		0.00257178103270571 ;
		-0.00309089363191394 		0.0998183630060802 		0.995000874765114];
 A RelTo=[	0.00532884822378397 		-0.999985801587506 		-1.38777878078145e-17 ;
		0.999982494600153 		0.00532883060110007 		0.00257178103270571 ;
		-0.00257174451749776 		-1.37046307881195e-05 		0.999996692965692];
 M=10; 	M0=10; 	Mxml=10;
 cm=[0 	0 	0]; 
 cm0=[0 	0 	0]; 
 cm_xml=[0 	0 	0];
 Icm=[	1 		0 		0;
		0 		1 		0;
		0 		0 		1];

 Itt=[	1 		0 		0;
		0 		1 		0;
		0 		0 		1];
-------------------------------------------------------------------------------
Body 16: LiftCylinder_R_Dummy

 LOC=[-56.0695545554234 2.24 -121.741598617135]; 	e=[0.708026516994555 	0.0337562710580841 	0.0369166218480721 	0.704411902531565];
 u=[0 	0 	0];
 A=[	0.00488206920637435 		-0.994992276770559 		0.0998325326093837 ;
		0.999976946745168 		0.00532877147222777 		0.00420834561411893 ;
		-0.00471925613579875 		0.0998096857100364 		0.994995354391159];
 A RelTo=[	0.00532881865958649 		-0.999985801745051 		1.38777878078145e-17 ;
		0.999976946745168 		0.0053287714722279 		0.00420834561411895 ;
		-0.00420828586295501 		-2.24255106344856e-05 		0.999991144874389];
 M=10; 	M0=10; 	Mxml=10;
 cm=[0 	0 	0]; 
 cm0=[0 	0 	0]; 
 cm_xml=[0 	0 	0];
 Icm=[	1 		0 		0;
		0 		1 		0;
		0 		0 		1];

 Itt=[	1 		0 		0;
		0 		1 		0;
		0 		0 		1];
-------------------------------------------------------------------------------
Body 17: LiftPiston_L_Dummy

 LOC=[-56.1105277863443 4.37858868284839 -122.264118542688]; 	e=[0.70801314381478 	0.035215454759949 	0.0372154617438479 	0.704338178248741];
 u=[0 	0 	0];
 A=[	0.00504548013687522 		-0.994740256962509 		0.102305250639208 ;
		0.999982494600153 		0.00533520481459071 		0.00255853138377776 ;
		-0.00309089363191396 		0.102290550725612 		0.994749762306484];
 A RelTo=[	0.721056177604922 		-0.692867424556267 		0.00356661275513745 ;
		0.692871831486832 		0.721060763827906 		1.38777878078145e-17 ;
		-0.00257174451749776 		0.00247120551185637 		0.9999936396165];
 M=10; 	M0=10; 	Mxml=10;
 cm=[0 	0 	0]; 
 cm0=[0 	0 	0]; 
 cm_xml=[0 	0 	0];
 Icm=[	1 		0 		0;
		0 		1 		0;
		0 		0 		1];

 Itt=[	1 		0 		0;
		0 		1 		0;
		0 		0 		1];
-------------------------------------------------------------------------------
Body 18: LiftPiston_R_Dummy

 LOC=[-56.0591135767712 4.37858868284839 -121.75169139757]; 	e=[0.707956423894282 	0.0351956882303444 	0.0383486836250848 	0.704335391600505];
 u=[0 	0 	0];
 A=[	0.00488206920637413 		-0.994578113493518 		0.103877531545274 ;
		0.999976946745168 		0.00534583933791266 		0.00418664304477062 ;
		-0.00471925613579875 		0.103854697348981 		0.994581283988431];
 A RelTo=[	0.721052177219782 		-0.692856187345383 		0.0058362131413993 ;
		0.692867987467098 		0.721064457550983 		1.38777878078145e-17 ;
		-0.00420828586295501 		0.00404372525371034 		0.99998296916306];
 M=10; 	M0=10; 	Mxml=10;
 cm=[0 	0 	0]; 
 cm0=[0 	0 	0]; 
 cm_xml=[0 	0 	0];
 Icm=[	1 		0 		0;
		0 		1 		0;
		0 		0 		1];

 Itt=[	1 		0 		0;
		0 		1 		0;
		0 		0 		1];
-------------------------------------------------------------------------------
Body 19: DipperArmCylinder_Dummy

 LOC=[-56.0027284915276 5.10973593114015 -122.008604006208]; 	e=[0.956825311263354 	0.0143286640929908 	0.0478811731925749 	0.286334430980276];
 u=[0 	0 	0];
 A=[	0.831439973777809 		-0.546571915602126 		0.0998334166468282 ;
		0.549316208590345 		0.835614566041024 		-2.42861286636753e-17 ;
		-0.083422257127732 		0.0548401139230558 		0.995004165278026];
 A RelTo=[	0.976233602651118 		0.21672091051585 		-4.16333634234434e-17 ;
		-0.21672091051585 		0.976233602651118 		1.38777878078145e-17 ;
		2.77555756156289e-17 		0 		1];
 M=10; 	M0=10; 	Mxml=10;
 cm=[0 	0 	0]; 
 cm0=[0 	0 	0]; 
 cm_xml=[0 	0 	0];
 Icm=[	1 		0 		0;
		0 		1 		0;
		0 		0 		1];

 Itt=[	1 		0 		0;
		0 		1 		0;
		0 		0 		1];
-------------------------------------------------------------------------------
Body 20: DipperArmPiston_Dummy

 LOC=[-54.1046984328344 6.36372745008831 -122.199042229756]; 	e=[0.956825311263354 	0.0143286640929908 	0.0478811731925749 	0.286334430980276];
 u=[0 	0 	0];
 A=[	0.831439973777809 		-0.546571915602126 		0.0998334166468282 ;
		0.549316208590345 		0.835614566041024 		-5.55111512312578e-17 ;
		-0.0834222571277321 		0.0548401139230559 		0.995004165278026];
 A RelTo=[	0.382949618993463 		-0.923769229468465 		-1.38777878078145e-17 ;
		0.923769229468465 		0.382949618993463 		-4.16333634234434e-17 ;
		5.55111512312578e-17 		2.08166817117217e-17 		1];
 M=10; 	M0=10; 	Mxml=10;
 cm=[0 	0 	0]; 
 cm0=[0 	0 	0]; 
 cm_xml=[0 	0 	0];
 Icm=[	1 		0 		0;
		0 		1 		0;
		0 		0 		1];

 Itt=[	1 		0 		0;
		0 		1 		0;
		0 		0 		1];
-------------------------------------------------------------------------------
Body 21: BucketCylinder_Dummy

 LOC=[-53.4115935165996 6.31759663085151 -122.268584684247]; 	e=[0.955329027737877 	-0.0145765347577445 	0.0478062966087458 	-0.291287712408909];
 u=[0 	0 	0];
 A=[	0.825732053208282 		0.555157513886875 		0.0998334166468281 ;
		-0.5579449144635 		0.829877986468082 		5.55111512312578e-17 ;
		-0.0828495547890987 		-0.0557015471116135 		0.995004165278026];
 A RelTo=[	0.999990512473814 		-0.00435602598233532 		-1.2490009027033e-16 ;
		0.00435602598233536 		0.999990512473814 		1.38777878078145e-17 ;
		1.38777878078145e-16 		6.93889390390723e-18 		1];
 M=10; 	M0=10; 	Mxml=10;
 cm=[0 	0 	0]; 
 cm0=[0 	0 	0]; 
 cm_xml=[0 	0 	0];
 Icm=[	1 		0 		0;
		0 		1 		0;
		0 		0 		1];

 Itt=[	1 		0 		0;
		0 		1 		0;
		0 		0 		1];
-------------------------------------------------------------------------------
Body 22: BucketPiston_Dummy

 LOC=[-51.657785106479 5.13255303278825 -122.444552475977]; 	e=[0.0145765347577445 	0.955329027737877 	-0.291287712408909 	-0.0478062966087458];
 u=[0 	0 	0];
 A=[	0.825732053208282 		-0.555157513886875 		-0.0998334166468281 ;
		-0.5579449144635 		-0.829877986468082 		-7.28583859910259e-17 ;
		-0.0828495547890987 		0.0557015471116135 		-0.995004165278026];
 A RelTo=[	0.177936378335024 		-0.984041993649162 		1.38777878078145e-17 ;
		-0.984041993649161 		-0.177936378335024 		-1.38777878078145e-16 ;
		1.11022302462516e-16 		1.38777878078145e-17 		-1];
 M=10; 	M0=10; 	Mxml=10;
 cm=[0 	0 	0]; 
 cm0=[0 	0 	0]; 
 cm_xml=[0 	0 	0];
 Icm=[	1 		0 		0;
		0 		1 		0;
		0 		0 		1];

 Itt=[	1 		0 		0;
		0 		1 		0;
		0 		0 		1];
-------------------------------------------------------------------------------
Body 23: BucketTiltCylinder_L_Dummy

 LOC=[-51.5617837004021 4.60387228938576 -122.172778888423]; 	e=[-0.000397281614131173 	0.851621464154849 	-0.517526953377178 	-0.0831058149963396];
 u=[0 	0 	0];
 A=[	0.450518552083861 		-0.881540156373993 		-0.141138183807141 ;
		-0.881408090724691 		-0.464331389390911 		0.0866956655857824 ;
		-0.141960599580718 		0.0853423313861497 		-0.986186531362227];
 A RelTo=[	0.0320915271902827 		-0.999484934294958 		-1.38777878078145e-17 ;
		-0.994837342898803 		-0.031942302023858 		0.0963241948602046 ;
		-0.0962745815708662 		-0.00309119051843834 		-0.995350013555299];
 M=10; 	M0=10; 	Mxml=10;
 cm=[0 	0 	0]; 
 cm0=[0 	0 	0]; 
 cm_xml=[0 	0 	0];
 Icm=[	1 		0 		0;
		0 		1 		0;
		0 		0 		1];

 Itt=[	1 		0 		0;
		0 		1 		0;
		0 		0 		1];
-------------------------------------------------------------------------------
Body 24: BucketTiltPiston_L_Dummy

 LOC=[-51.4213981869884 4.32921783448916 -122.217015050429]; 	e=[-0.000397281614131173 	0.851621464154849 	-0.517526953377178 	-0.0831058149963396];
 u=[0 	0 	0];
 A=[	0.450518552083861 		-0.881540156373993 		-0.141138183807141 ;
		-0.881408090724691 		-0.464331389390911 		0.0866956655857824 ;
		-0.141960599580718 		0.0853423313861497 		-0.986186531362227];
 A RelTo=[	0.0320915271902827 		-0.999484934294958 		-1.38777878078145e-17 ;
		-0.994837342898803 		-0.031942302023858 		0.0963241948602046 ;
		-0.0962745815708662 		-0.00309119051843834 		-0.995350013555299];
 M=10; 	M0=10; 	Mxml=10;
 cm=[0 	0 	0]; 
 cm0=[0 	0 	0]; 
 cm_xml=[0 	0 	0];
 Icm=[	1 		0 		0;
		0 		1 		0;
		0 		0 		1];

 Itt=[	1 		0 		0;
		0 		1 		0;
		0 		0 		1];
-------------------------------------------------------------------------------
Body 25: BucketTilCylinder_R_Dummy

 LOC=[-51.6176904137244 4.60387228938576 -122.729981220979]; 	e=[0.0520617808233179 	0.855663641528548 	-0.514901812273032 	-0.00232964837616736];
 u=[0 	0 	0];
 A=[	0.469741392912781 		-0.880922948152072 		-0.0576002014182404 ;
		-0.881408090724694 		-0.464331389390904 		-0.0866956655857876 ;
		0.0496266197661107 		0.0914938262691776 		-0.994568287431896];
 A RelTo=[	0.0320915271902754 		-0.999484934294958 		1.38777878078145e-17 ;
		-0.994837342898803 		-0.0319423020238507 		-0.0963241948602104 ;
		0.096274581570872 		0.0030911905184378 		-0.995350013555298];
 M=10; 	M0=10; 	Mxml=10;
 cm=[0 	0 	0]; 
 cm0=[0 	0 	0]; 
 cm_xml=[0 	0 	0];
 Icm=[	1 		0 		0;
		0 		1 		0;
		0 		0 		1];

 Itt=[	1 		0 		0;
		0 		1 		0;
		0 		0 		1];
-------------------------------------------------------------------------------
Body 26: BucketTiltPiston_R_Dummy

 LOC=[-51.4713148953118 4.32921783448916 -122.714517133068]; 	e=[0.0520617808233179 	0.855663641528548 	-0.514901812273032 	-0.00232964837616736];
 u=[0 	0 	0];
 A=[	0.469741392912781 		-0.880922948152072 		-0.0576002014182404 ;
		-0.881408090724694 		-0.464331389390904 		-0.0866956655857876 ;
		0.0496266197661107 		0.0914938262691776 		-0.994568287431896];
 A RelTo=[	0.0320915271902754 		-0.999484934294958 		1.38777878078145e-17 ;
		-0.994837342898803 		-0.0319423020238507 		-0.0963241948602104 ;
		0.096274581570872 		0.0030911905184378 		-0.995350013555298];
 M=10; 	M0=10; 	Mxml=10;
 cm=[0 	0 	0]; 
 cm0=[0 	0 	0]; 
 cm_xml=[0 	0 	0];
 Icm=[	1 		0 		0;
		0 		1 		0;
		0 		0 		1];

 Itt=[	1 		0 		0;
		0 		1 		0;
		0 		0 		1];
-------------------------------------------------------------------------------
Body 27: Dummy_TrackShadowDitch_1

 LOC=[-23 0.8 -8]; 	e=[0.707106781186548 	4.32978028117747e-17 	-0.707106781186547 	0];
 u=[-23 	0.8 	-8];
 A=[	2.22044604925031e-16 		-6.12323399573676e-17 		-1 ;
		-6.12323399573676e-17 		1 		-6.12323399573677e-17 ;
		1 		6.12323399573677e-17 		2.22044604925031e-16];
 A RelTo=[	2.22044604925031e-16 		-6.12323399573676e-17 		-1 ;
		-6.12323399573676e-17 		1 		-6.12323399573677e-17 ;
		1 		6.12323399573677e-17 		2.22044604925031e-16];
 M=0; 	M0=0; 	Mxml=0;
 cm=[0 	0 	0]; 
 cm0=[0 	0 	0]; 
 cm_xml=[0 	0 	0];
 Icm=[	1 		0 		0;
		0 		1 		0;
		0 		0 		1];

 Itt=[	1 		0 		0;
		0 		1 		0;
		0 		0 		1];
-------------------------------------------------------------------------------
Body 28: Dummy_DitchLevelShadow_1

 LOC=[-23 -0.1 -2.7]; 	e=[1 	0 	0 	0];
 u=[-23 	-0.1 	-2.7];
 A=[	1 		0 		0 ;
		0 		1 		0 ;
		0 		0 		1];
 A RelTo=[	1 		0 		0 ;
		0 		1 		0 ;
		0 		0 		1];
 M=0; 	M0=0; 	Mxml=0;
 cm=[0 	0 	0]; 
 cm0=[0 	0 	0]; 
 cm_xml=[0 	0 	0];
 Icm=[	0 		0 		0;
		0 		0 		0;
		0 		0 		0];

 Itt=[	0 		0 		0;
		0 		0 		0;
		0 		0 		0];
-------------------------------------------------------------------------------
Body 29: Dummy_DitchEndpoint

 LOC=[-43.5674437687466 2 -123.347751124732]; 	e=[0.998750260394966 	3.060341483569e-18 	0.0499791692706783 	0];
 u=[13.5 	0 	0];
 A=[	0.995004165278026 		3.05906650066748e-19 		0.0998334166468282 ;
		3.05906650066748e-19 		1 		-6.11303370722411e-18 ;
		-0.0998334166468282 		6.11303370722411e-18 		0.995004165278026];
 A RelTo=[	1 		0 		0 ;
		0 		1 		0 ;
		0 		0 		1];
 M=10; 	M0=10; 	Mxml=10;
 cm=[0 	0 	0]; 
 cm0=[0 	0 	0]; 
 cm_xml=[0 	0 	0];
 Icm=[	1 		0 		0;
		0 		1 		0;
		0 		0 		1];

 Itt=[	1 		0 		0;
		0 		1 		0;
		0 		0 		1];


Total mass of all dummy-bodies = 4420.240000


===============================================================================
Constraints:
-------------------------------------------------------------------------------
Joint 0: Floating joint, Ground_Undercarriage, Ground / Undercarriage
 

-------------------------------------------------------------------------------
Joint 1: Revolute joint, Undercarriage_Uppercarriage, Undercarriage / Uppercarriage
	X	Y	Z	a|_b	c|_b
              0              0              0     7.7037e-34    -1.2326e-32
-------------------------------------------------------------------------------
Joint 2: Revolute joint, Uppercarriage_MainBoom, Uppercarriage / MainBoom
	X	Y	Z	a|_b	c|_b
    -2.9421e-15     1.1102e-16     4.6491e-16              0     1.5407e-33
-------------------------------------------------------------------------------
Joint 3: Revolute joint, MainBoom_DipperArm, MainBoom / DipperArm
	X	Y	Z	a|_b	c|_b
    -8.8818e-16     4.4409e-16     2.8866e-15     2.7756e-17    -1.3878e-17
-------------------------------------------------------------------------------
Joint 4: Revolute joint, DipperArm_BucketLink1, DipperArm / BucketLink_1
	X	Y	Z	a|_b	c|_b
     2.4425e-15     4.4409e-16     3.3307e-15              0     2.7756e-17
-------------------------------------------------------------------------------
Joint 5: Revolute - spherical composite joint, BucketLink_2, BucketLink_1 / BucketTiltFrame
	dij	a|_dij
     -0.0042064    -1.7902e-15
-------------------------------------------------------------------------------
Joint 6: Revolute joint, DipperArm_BucketTilt, DipperArm / BucketTiltFrame
	X	Y	Z	a|_b	c|_b
     3.5527e-15    -2.2204e-16    -5.1348e-15    -1.3878e-17     2.7756e-17
-------------------------------------------------------------------------------
Joint 7: Revolute joint, BucketTilt_BucketRotator, BucketTiltFrame / BucketRotator
	X	Y	Z	a|_b	c|_b
    -1.6098e-15     5.5511e-17     1.0617e-15    -2.7756e-17     -2.524e-16
-------------------------------------------------------------------------------
Joint 8: Revolute joint, BucketRotator_BucketAttachment, BucketRotator / BucketAttachment
	X	Y	Z	a|_b	c|_b
     2.9143e-15     3.0531e-16     4.5068e-15    -5.3863e-16    -6.9389e-18
-------------------------------------------------------------------------------
Joint 9: Fixed joint, BucketAttacment_Bucket, BucketAttachment / Bucket
	X	Y	Z	a|_b	a|_d	c|_b
     1.3878e-16     1.6653e-16    -5.0654e-16     1.3878e-17    -3.0358e-17    -2.0817e-17
===============================================================================
Body-to-body translational forces:
-------------------------------------------------------------------------------
ForceT_LiftCylinder_L, Uppercarriage -> MainBoom 
 Local position I [0.9 0.24 -0.1685] 
 Local position J [1.405 0.667 -0.265]
 Global position I [-56.1213181819548 2.24 -122.257508276831] 
 Global position J [-56.1105277863443 4.37858868284839 -122.264118542688]
 K=0, C=0, L0=2.20665827349938, L=2.13862612035375
 F=0, Fres=0
 dij[0]=0.0107903956104467 dij[1]=2.13858868284839 dij[2]=-0.0066102658564462
-------------------------------------------------------------------------------
ForceT_LiftCylinder_R, Uppercarriage -> MainBoom 
 Local position I [0.9 0.24 0.35] 
 Local position J [1.405 0.667 0.25]
 Global position I [-56.0695545554234 2.24 -121.741598617135] 
 Global position J [-56.0591135767712 4.37858868284839 -121.75169139757]
 K=0, C=0, L0=2.20665827349938, L=2.13863798541486
 F=0, Fres=0
 dij[0]=0.0104409786521766 dij[1]=2.13858868284839 dij[2]=-0.0100927804349213
-------------------------------------------------------------------------------
ForceT_DipperArmCylinder, MainBoom -> DipperArm 
 Local position I [1.98645 1.11775 0] 
 Local position J [-0.60265 0.17 0]
 Global position I [-56.0027284915276 5.10973593114015 -122.008604006208] 
 Global position J [-54.1046984328344 6.36372745008831 -122.199042229756]
 K=0, C=0, L0=2.24723060292541, L=2.28282271547411
 F=0, Fres=0
 dij[0]=1.89803005869318 dij[1]=1.25399151894815 dij[2]=-0.190438223547309
-------------------------------------------------------------------------------
ForceT_BucketCylinder, DipperArm -> BucketLink_1 
 Local position I [-0.000363 0.523 0] 
 Local position J [0.51 0 0]
 Global position I [-53.4115935165996 6.31759663085151 -122.268584684247] 
 Global position J [-51.657785106479 5.13255303278825 -122.444552475977]
 K=0, C=0, L0=2.56120356003668, L=2.12394372158181
 F=0, Fres=0
 dij[0]=1.75380841012059 dij[1]=-1.18504359806325 dij[2]=-0.175967791730155
-------------------------------------------------------------------------------
ForceT_BucketTilt_L, BucketTiltFrame -> BucketRotator 
 Local position I [0.2 -0.08 0.28] 
 Local position J [-0.16 -0.16 0.25]
 Global position I [-51.5617837004021 4.60387228938576 -122.172778888423] 
 Global position J [-51.4213981869884 4.32921783448916 -122.217015050429]
 K=0, C=0, L0=0.476243635128072, L=0.311608729017658
 F=0, Fres=0
 dij[0]=0.140385513413727 dij[1]=-0.274654454896601 dij[2]=-0.0442361620059321
-------------------------------------------------------------------------------
ForceT_BucketTilt_R, BucketTiltFrame -> BucketRotator 
 Local position I [0.2 -0.08 -0.28] 
 Local position J [-0.16 -0.16 -0.25]
 Global position I [-51.6176904137244 4.60387228938576 -122.729981220979] 
 Global position J [-51.4713148953118 4.32921783448916 -122.714517133068]
 K=0, C=0, L0=0.476243635128072, L=0.311608729017657
 F=0, Fres=0
 dij[0]=0.146375518412535 dij[1]=-0.274654454896601 dij[2]=0.0154640879107603
===============================================================================
Body-to-body rotational torques:
-------------------------------------------------------------------------------
ForceR_CabinRotator, Undercarriage -> Uppercarriage
 fi [0 0 1] gi [1 0 0] fj [0 0 1]
 K=0, C=0, Th=0 Th0=0
 Kend=0, Cend=0, Thmin=-100, Thmax=100,
 Tconst=0, nrev=0 t+2pi*n-t0=0
-------------------------------------------------------------------------------
ForceR_BucketRotator, BucketRotator -> BucketAttachment
 fi [0 0 1] gi [1 0 0] fj [0 0 1]
 K=0, C=0, Th=0 Th0=0
 Kend=10000000, Cend=200000, Thmin=-20, Thmax=20,
 Tconst=0, nrev=0 t+2pi*n-t0=0
===============================================================================
Motors:
-------------------------------------------------------------------------------
Motor, Type = 7
 Velocity driven
 PrimName=, Kw=30, J=4, wref=0, SplName=Spline_Motor_Excavator
 M=0, itot=1, r=0 
===============================================================================
Hydraulic volumes:
-------------------------------------------------------------------------------
Volume_Pump, Type = Volume
 p0=100 [bar], V0=0.00114009 [m^3] V0=1.14009 [l]
-------------------------------------------------------------------------------
Volume_Tank, Type = Constant pressure source
 p0=2 [bar], V0=0.00114009 [m^3] V0=1.14009 [l]
-------------------------------------------------------------------------------
Volume_BoomLiftCylinderA, Type = Volume
 p0=1 [bar], V0=0.000443369 [m^3] V0=0.443369 [l]
-------------------------------------------------------------------------------
Volume_BoomLiftCylinderB, Type = Volume
 p0=1 [bar], V0=0.000443369 [m^3] V0=0.443369 [l]
-------------------------------------------------------------------------------
Volume_DipperArmCylinder_A, Type = Volume
 p0=1 [bar], V0=0.000506707 [m^3] V0=0.506707 [l]
-------------------------------------------------------------------------------
Volume_DipperArmCylinder_B, Type = Volume
 p0=1 [bar], V0=0.000506707 [m^3] V0=0.506707 [l]
-------------------------------------------------------------------------------
Volume_BucketCylinder_A, Type = Volume
 p0=1 [bar], V0=0.000395865 [m^3] V0=0.395865 [l]
-------------------------------------------------------------------------------
Volume_BucketCylinder_B, Type = Volume
 p0=1 [bar], V0=0.000395865 [m^3] V0=0.395865 [l]
-------------------------------------------------------------------------------
Volume_BucketTiltCylinder_A, Type = Volume
 p0=30 [bar], V0=0.000142511 [m^3] V0=0.142511 [l]
-------------------------------------------------------------------------------
Volume_BucketTiltCylinder_B, Type = Volume
 p0=50 [bar], V0=0.000142511 [m^3] V0=0.142511 [l]
-------------------------------------------------------------------------------
Volume_Slew_A, Type = Volume
 p0=1 [bar], V0=0.000126677 [m^3] V0=0.126677 [l]
-------------------------------------------------------------------------------
Volume_Slew_B, Type = Volume
 p0=1 [bar], V0=0.000126677 [m^3] V0=0.126677 [l]
-------------------------------------------------------------------------------
Volume_BucketRotator_A, Type = Volume
 p0=10 [bar], V0=0.000356279 [m^3] V0=0.356279 [l]
-------------------------------------------------------------------------------
Volume_BucketRotator_B, Type = Volume
 p0=10 [bar], V0=0.000356279 [m^3] V0=0.356279 [l]
-------------------------------------------------------------------------------
Volume_DriveRight_A, Type = Volume
 p0=1 [bar], V0=0.000253354 [m^3] V0=0.253354 [l]
-------------------------------------------------------------------------------
Volume_DriveRight_B, Type = Volume
 p0=1 [bar], V0=0.000253354 [m^3] V0=0.253354 [l]
-------------------------------------------------------------------------------
Volume_DriveLeft_A, Type = Volume
 p0=1 [bar], V0=0.000253354 [m^3] V0=0.253354 [l]
-------------------------------------------------------------------------------
Volume_DriveLeft_B, Type = Volume
 p0=1 [bar], V0=0.000253354 [m^3] V0=0.253354 [l]
-------------------------------------------------------------------------------
Volume_PumpCtrl2, Type = Volume
 p0=1 [bar], V0=0.00202683 [m^3] V0=2.02683 [l]
-------------------------------------------------------------------------------
Volume_PumpCtrl1, Type = Volume
 p0=1 [bar], V0=0.00202683 [m^3] V0=2.02683 [l]
-------------------------------------------------------------------------------
Volume_i_DriveLeft_Slew, Type = Volume
 p0=1 [bar], V0=0.000570046 [m^3] V0=0.570046 [l]
-------------------------------------------------------------------------------
Volume_i_Slew_DipperArm, Type = Volume
 p0=1 [bar], V0=0.000570046 [m^3] V0=0.570046 [l]
-------------------------------------------------------------------------------
Volume_i_DipperArm_BoomLift, Type = Volume
 p0=1 [bar], V0=0.000570046 [m^3] V0=0.570046 [l]
-------------------------------------------------------------------------------
Volume_i_DriveRight_BucketRotator, Type = Volume
 p0=1 [bar], V0=0.000570046 [m^3] V0=0.570046 [l]
-------------------------------------------------------------------------------
Volume_i_BucketRotator_BucketTilt, Type = Volume
 p0=1 [bar], V0=0.000570046 [m^3] V0=0.570046 [l]
-------------------------------------------------------------------------------
Volume_i_BucketTilt_Bucket, Type = Volume
 p0=1 [bar], V0=0.000570046 [m^3] V0=0.570046 [l]
-------------------------------------------------------------------------------
Volume_i_Bucket_BoomLift, Type = Volume
 p0=1 [bar], V0=0.000570046 [m^3] V0=0.570046 [l]
-------------------------------------------------------------------------------
Volume_i_BoomLift_DipperArm, Type = Volume
 p0=1 [bar], V0=0.000570046 [m^3] V0=0.570046 [l]
-------------------------------------------------------------------------------
Volume_Art1_BoomLift1, Type = Volume
 p0=1 [bar], V0=0.000570046 [m^3] V0=0.570046 [l]
-------------------------------------------------------------------------------
Volume_Art2_BoomLift1, Type = Volume
 p0=1 [bar], V0=0.000570046 [m^3] V0=0.570046 [l]
===============================================================================
Hydraulic hoses/pipes:
-------------------------------------------------------------------------------
Hose_Pump, Type = Hose 
 D=1.5 [inch], D=38.1 [mm], L=1 [m], V=1.14009 [l], E=70000 [Pa]
 Volume_Pump
-------------------------------------------------------------------------------
Hose_Tank, Type = Hose 
 D=1.5 [inch], D=38.1 [mm], L=1 [m], V=1.14009 [l], E=70000 [Pa]
 Volume_Tank
-------------------------------------------------------------------------------
Hose_BoomLiftCylinderA, Type = Hose 
 D=0.5 [inch], D=12.7 [mm], L=2 [m], V=0.253354 [l], E=700000 [Pa]
 Volume_BoomLiftCylinderA
-------------------------------------------------------------------------------
Pipe_BoomLiftCylinderA, Type = Pipe 
 D=0.5 [inch], D=12.7 [mm], L=1.5 [m], V=0.190015 [l], E=8e+09 [Pa]
 Volume_BoomLiftCylinderA
-------------------------------------------------------------------------------
Hose_BoomLiftCylinderB, Type = Hose 
 D=0.5 [inch], D=12.7 [mm], L=2 [m], V=0.253354 [l], E=700000 [Pa]
 Volume_BoomLiftCylinderB
-------------------------------------------------------------------------------
Pipe_BoomLiftCylinderB, Type = Pipe 
 D=0.5 [inch], D=12.7 [mm], L=1.5 [m], V=0.190015 [l], E=8e+09 [Pa]
 Volume_BoomLiftCylinderB
-------------------------------------------------------------------------------
Hose_DipperArmCylinder_A, Type = Hose 
 D=1 [inch], D=25.4 [mm], L=0.5 [m], V=0.253354 [l], E=7e+06 [Pa]
 Volume_DipperArmCylinder_A
-------------------------------------------------------------------------------
Pipe_DipperArmCylinder_A, Type = Pipe 
 D=1 [inch], D=25.4 [mm], L=0.5 [m], V=0.253354 [l], E=8e+09 [Pa]
 Volume_DipperArmCylinder_A
